,0,1,2,3,4,5,6,7,8,9,10,11,12,13,14,15,16,17,18,19,20,21,22,23,24,25,26,27,28,29,30,31,32,33,34,35,36,37,38,39,40,41,42,43,44,45,46,47,48,49,50,51,52,53,54,55,56,57,58,59,60,61,62,63,64,65,66,67,68,69,70,71,72,73,74,75,76,77,78,79
0,0.0,1.3580586509025157,2.1870512150705386,1.6086723356205097,0.14074738602933,1.1818563602679137,2.9755608812978567,3.059423446484128,3.5052422030941983,1.5057386402382031,0.1003649105384018,2.0164193571312983,1.7420855872460965,2.2924480537007637,3.3189036606062454,0.8822028498681668,17.97886674651757,18.145054702220158,16.752635281466638,17.70812980089939,17.629796093869558,18.225297351127622,17.608727886592497,15.802223822881896,17.428065716388343,15.912626393099758,16.05104265895606,15.045371284083107,18.2769803971315,17.18230656370883,19.145980760348365,18.14411536695023,8.38548645187933,9.237189562159239,6.772972530406049,7.607269442907483,8.168510926751964,6.30028819215458,5.501048070682046,8.860823874402108,6.643464422825934,8.061871480068982,9.048326141125933,9.142980484795764,6.768519588032673,5.960430679545055,7.943097403600277,7.344403223574651,4.327766621341665,7.1355726242690505,5.449088261080353,5.466064738382765,7.174029960923716,6.497259314998394,8.23796426791671,6.877876786112276,8.35939467289705,7.9377050140561005,6.401080443592864,5.82908953449228,5.052556652923607,7.812201334682302,7.477739881345533,7.547142963200317,7.456025423685839,9.616160933783366,8.2136356405521,8.649587002937468,9.79761438258305,8.771540447821335,10.48680165401701,7.60600495823159,8.398616190406964,9.398241795667161,10.696295507679931,7.440245319671259,8.284520314554008,9.88514336608684,9.393737618430537,8.482057456098866
1,1.3580586509025157,0.0,1.0591153942698646,2.6216157590954343,1.4987829612463517,0.40107491305904747,1.6323694636364416,1.7077736145055273,2.148277306747107,1.712412611174786,1.458321982081113,2.223280298403687,2.5736919870504953,1.7678918938802772,2.5910117563980863,1.4847818981180199,19.06489109631689,19.16878195861706,17.801726013126874,18.6195802151476,18.61772416374152,19.12324361262394,18.528092444984306,16.741658868245185,18.336973746022558,16.90524059202719,16.96141369854414,16.05122102041109,19.31782917282996,18.215721353516663,20.0753565466711,19.106169067721005,7.188123011765347,7.884391187627512,5.4395766751712085,6.262137154060901,6.857964769317209,5.0597765418980325,4.154135283575399,7.5094450884546635,5.347755867825759,6.704069612805051,7.6947860715590135,7.795360936092237,5.410561560387676,4.63604904509803,6.78276050761302,6.040843661915583,3.1956646826628603,6.333827788369345,4.756082689463074,4.278065418826164,6.272068187443213,5.754600805680024,7.429150436673003,6.248869186497201,7.50267110783189,6.866068924466192,5.417776979003859,5.347353439745274,4.098008577637241,6.581478890435403,6.372263323603747,6.415257552081652,7.73084423326361,9.555935688894483,8.183314192671967,8.700450025922327,9.757248420761673,8.685896754499337,10.535575120941584,7.75111802386235,8.432443374493436,9.03935968924203,10.731783284155682,7.166850621054441,8.279340554739706,9.831000714736385,9.241337982008925,8.207435467639677
2,2.1870512150705386,1.0591153942698646,0.0,3.6338921883275286,2.3190318935397882,1.4589820120326424,1.0546923878934913,1.4616940729232437,1.6386883216021504,2.7672893512668444,2.278604327525392,3.265648688123486,3.6168201960862594,2.6465894156663623,3.257506109785112,1.8737801337829836,19.15906582846354,19.18783502754177,17.85462374239562,18.518485749365166,18.59797256569117,19.006838688308687,18.43542444750733,16.676198667711862,18.234194062502574,16.896489237791346,16.86502179799095,16.060586906481074,19.356431478813626,18.248854251273382,19.988503316935056,19.056700677878553,6.205042762285025,7.179926944086326,4.659046081278886,5.5221489814704485,6.011571995492296,4.113478236420687,3.4463200953710027,6.989330308622059,4.4771340118530585,6.110050383123918,6.997069961815283,7.059561291475397,4.7995862308457085,3.834073658611517,5.776067128141929,5.182684057172195,3.3767646755524323,6.76080699730106,5.3205726020822715,4.29744387863261,6.60346966218692,6.247677560038657,7.8278068020530265,6.819962474070904,7.854544578557963,6.98518415476931,5.683872602077504,6.040553739228783,4.450392949499114,6.449294905763683,6.454981175002256,6.457946867709275,7.189571388505824,8.780148206541533,7.439003858065153,7.998198006286913,8.990858042969242,7.9042326259705336,9.81429351138809,7.121811997130451,7.723144232338331,8.11911990819974,10.00118914170738,6.3031649036263735,7.548611149743996,9.056280308087453,8.418442955779309,7.33205240648026
3,1.6086723356205097,2.6216157590954343,3.6338921883275286,0.0,1.5321829775076323,2.2660393029859733,4.19815463282943,4.1036838530421855,4.633026115686689,1.337089007257077,1.5589107149742798,1.4133027309580513,0.3832955347565673,2.400706728700467,3.345243398727778,2.441483166354652,18.16823738875681,18.451784566415977,17.021398078634235,18.203995969687554,18.00237227219176,18.7387282000061,18.09297144539521,16.26711431903215,17.9295356018211,16.28877883090903,16.55948040122696,15.40539598688277,18.551663414249354,17.477313073634548,19.605958160821494,18.556985973545522,9.809738685587567,10.318055761200572,7.970478589456578,8.749755373864367,9.423305485578132,7.677943692102985,6.656236232690077,9.736741665417401,7.936369506066784,9.038070552085175,10.123767910985864,10.261288529409013,7.794934921372994,7.191953329070461,9.400696019391123,8.618392295833667,4.766543263433948,6.887528668919643,5.15501028226227,5.92517093109254,7.067933840497068,6.20007231946686,7.957854652551482,6.413823049542187,8.14358828495658,8.076521227234915,6.454972833835219,5.244947768226296,5.1504857754785265,8.275077931105063,7.692426696649893,7.8089023891672245,8.740929178838531,11.069532594255106,9.664299242549601,10.054969443596962,11.240156802938172,10.2427488194666,11.87754517250736,8.970990365847499,9.815578622961983,10.962462981960293,12.092966472896709,8.989787985947533,9.722380567006574,11.333769065544656,10.889055579616597,10.026088938629675
4,0.14074738602933,1.4987829612463517,2.3190318935397882,1.5321829775076323,0.0,1.3168096627741894,3.1157597358791826,3.199607224642289,3.6459791972404654,1.5496865851521977,0.041129144330438565,2.043369840679227,1.6926945393229578,2.382747229453494,3.414496929005145,0.9198147591383259,17.870126006601822,18.043318218367727,16.648246761587817,17.619020485772882,17.53215754523948,18.137592191216445,17.518756243929964,15.71038206811618,17.339293633883127,15.814772937788304,15.962401762870895,14.946201047508465,18.173300258777036,17.079622875691488,19.05463023957595,18.049287582776188,8.513467553678797,9.377667981400085,6.912134507139055,7.747238596208863,8.30581543532276,6.4325019097473115,5.641211341731001,9.000728642356641,6.779826542004133,8.20252542771882,9.188854639957487,9.283096378086462,6.909262406442087,6.099021132862893,8.068126323001525,7.481255522948123,4.4510785635690615,7.226157341660777,5.532903180517179,5.592474518837841,7.273756740113011,6.5833756791837965,8.327932124838432,6.952747520527836,8.45373883196309,8.052185324001986,6.509016003080083,5.892311327212524,5.160145124892053,7.941081568753004,7.595563623466423,7.667288883672605,7.443817661309349,9.6359879992001,8.232252737492546,8.659163285380105,9.815200668453834,8.795013907532287,10.494465814242155,7.6073669351851745,8.410325698401621,9.448332774330787,10.705143406167835,7.484658771558928,8.300438730342746,9.904050189564071,9.423213296171802,8.52494890160125
5,1.1818563602679137,0.40107491305904747,1.4589820120326424,2.2660393029859733,1.3168096627741894,0.0,1.9386395807854404,1.9205265224909915,2.4104703152157905,1.3114723998742335,1.2795948805879338,1.8260236091158204,2.193419541865865,1.469401716064642,2.3799202831697706,1.5504826880691847,19.08103546674728,19.21327938330932,17.834619009017572,18.709293643231824,18.677223643224817,19.218202681272473,18.614769266739753,16.81990210371549,18.427542430966522,16.962194256946052,17.050874440362293,16.102293685833036,19.354842157176,18.255707458264503,20.15870387459794,19.17635970767019,7.552281715154164,8.144930810701155,5.735640847420455,6.54065947237946,7.172299637282405,5.413818108906201,4.434534437688517,7.704518594060334,5.674950861225417,6.929139712713605,7.953416703733316,8.067490821964466,5.648691855687003,4.9434926298216215,7.156507730817086,6.361510849812266,3.180244211632096,6.1771088596395245,4.555166518785897,4.302605923743375,6.153748027944563,5.575053445500192,7.2778854507772195,6.034660291338248,7.3694313550995645,6.826679929957475,5.332131300745927,5.088034614109857,3.9936838520653546,6.639190328189865,6.350133353751078,6.408131336088018,7.991400196810807,9.885303031847524,8.505316090411577,9.008855768932122,10.08355125868856,9.018146354375954,10.847158207769212,8.039218022544441,8.74348304516395,9.410529230670088,11.04602590868102,7.524540253589386,8.597117730249133,10.15972492932427,9.58497199227848,8.567053700006117
6,2.9755608812978567,1.6323694636364416,1.0546923878934913,4.19815463282943,3.1157597358791826,1.9386395807854404,0.0,0.5545482193142132,0.5864815304763189,3.080546716196603,3.074746139759299,3.478906577244411,4.091560764189489,2.5691205482023043,2.8391532619707602,2.856111719858356,20.21077140410569,20.23154692493167,18.902815961444198,19.53933075666702,19.635790005830774,20.023568244360717,19.458345737947244,17.706069417658824,19.25476711550922,17.93672328639045,17.887880134950787,17.103849876945528,20.402668143418534,19.29465789912624,21.012116956874703,20.08881597387118,5.671202906193745,6.2633584466998435,3.8074011059097064,4.632318359088321,5.234213521422455,3.5138853404596206,2.5254990913738844,5.974529392145328,3.738242020834048,5.1242330760673545,6.07535239058548,6.167477233358157,3.8186189353082565,3.0072404794935634,5.314159285661212,4.422940568800566,2.518809732705316,5.978954007371714,4.6853722221970555,3.3199372986819062,5.756659665577629,5.52688848547416,7.0125734195777145,6.157822346211093,7.007387283897963,6.019528913470957,4.80945490738158,5.518958552214021,3.665118572532902,5.408730123266431,5.478007806285463,5.465469661637498,8.044060507536454,9.412016877984383,8.118540450673999,8.715447324964527,9.632049285568925,8.536840178663368,10.499150895583368,7.912066956803552,8.435954909993526,8.543502037451683,10.675151681700884,6.8460575312352985,8.24138560897151,9.687269180300383,8.994120520875255,7.842691503753812
7,3.059423446484128,1.7077736145055273,1.4616940729232437,4.1036838530421855,3.199607224642289,1.9205265224909915,0.5545482193142132,0.0,0.5608265908201354,2.887639023519606,3.1597557543505763,3.2206470050960565,3.9493049911492863,2.2143514724779836,2.3428875924332297,3.0958501616985576,20.58582350266248,20.632985003677618,19.291930327641087,19.978901338300485,20.049848956619382,20.467995494461814,19.895316655434318,18.133547032542843,19.694678433821032,18.34617455001443,18.324986972893967,17.506737806966967,20.79749320953028,19.69081823811124,21.448145564601198,20.512698470529273,5.937809861571666,6.231568769675025,3.8744537285760834,4.646492023523561,5.3444639004975825,3.776753111181563,2.555150325108592,5.802225012545549,3.9029528165997935,5.009843511686274,6.039063847791887,6.163233010738451,3.728457856858804,3.1187253353557627,5.621919251839556,4.5585014987319585,1.975415073778267,5.428669159073749,4.133976306003774,2.8368376689375974,5.216877807719214,4.9725398191069194,6.467497158321113,5.603909828702575,6.46863985615386,5.529081506381891,4.2758037508763,4.97970062197223,3.1131522399946725,5.010093079237179,4.9956208703403275,4.9963858186733985,8.571479763018068,9.966350512595513,8.670917795151325,9.265337188571626,10.186213149554591,9.091083049739872,11.051744864412528,8.452614949145824,8.986123918801699,9.088866246715655,11.228317495977702,7.399932262350317,8.792986570361244,10.241636012864543,9.54840009813751,8.394945831910968
8,3.5052422030941983,2.148277306747107,1.6386883216021504,4.633026115686689,3.6459791972404654,2.4104703152157905,0.5864815304763189,0.5608265908201354,0.0,3.4393804879362553,3.6053101029008343,3.7807812323274335,4.492122281263689,2.770928363748163,2.8250337038342344,3.434426620022472,20.787191697039823,20.799519202279217,19.47523108855764,20.08887207070627,20.198618531132198,20.570019168096294,20.00944540054003,18.262676922806968,19.8041431943399,18.501743060151775,18.439138584863734,17.671608658460467,20.97303720682184,19.864656468558838,21.563565425670898,20.646943052944927,5.3789367554797645,5.738976485850917,3.337452515571995,4.130493680001745,4.797673914020225,3.218971031467385,2.0263949545843216,5.399032218540597,3.344974119882484,4.564112526201648,5.548572902945753,5.657318796926151,3.2648096154572164,2.568095463717893,5.069695298541572,4.005540935769039,2.176115574283738,5.637093385459846,4.46476528428607,2.83859529872023,5.367420165008033,5.233753191290454,6.639483181578683,5.899755279769663,6.610635941786251,5.53230615354238,4.406027107105561,5.3627617705457205,3.351446523502847,4.85037860555367,4.982769082669427,4.95610127603674,8.500422396282879,9.742533804452917,8.48004637140647,9.094919578305676,9.966878743364292,8.871247889376004,10.855346302561982,8.333938861203478,8.814063512106909,8.765431141011257,11.024855468438627,7.142478787191323,8.609474965419452,10.016333088874877,9.295753871540636,8.11519482761546
9,1.5057386402382031,1.712412611174786,2.7672893512668444,1.337089007257077,1.5496865851521977,1.3114723998742335,3.080546716196603,2.887639023519606,3.4393804879362553,0.0,1.5420326230025854,0.548508543388318,1.0910500294341592,1.0785305602539919,2.0776115350400968,2.327398468848126,19.230825430831285,19.454032077845643,18.04244515519359,19.095602450899403,18.967590664046675,19.619675918499873,18.991741160762192,17.176028538999528,18.81738307550767,17.250161273620986,17.441637871154732,16.37484021060145,19.5711391095473,18.484923635144394,20.52091292807243,19.499354077936324,8.75142681024449,9.042260558743532,6.7575645671731515,7.50488163689061,8.231882545073153,6.594232904351927,5.435428386638218,8.413651455931575,6.781690687211871,7.736258393851752,8.846809216007642,8.999270857578056,6.512734077979355,6.005939531464532,8.384086631706964,7.4447400163418065,3.4338588403312293,5.791969838427582,4.070383565777212,4.5950133788588206,5.903229766787749,5.126891545347766,6.885735122971034,5.446067909079165,7.0379713791967236,6.8233049920585565,5.221165288110349,4.356619497576545,3.8901240824878953,6.95057538987036,6.415341826977604,6.520238494649491,8.942123480719673,11.014746602594101,9.619582629252156,10.084442347581982,11.204108567182855,10.15791940301149,11.924993353516445,9.064773261973457,9.827341163192802,10.651654690626254,12.130689684586404,8.734876204630535,9.699717629229186,11.286669893659937,10.753567146654907,9.77983610010554
10,0.1003649105384018,1.458321982081113,2.278604327525392,1.5589107149742798,0.041129144330438565,1.2795948805879338,3.074746139759299,3.1597557543505763,3.6053101029008343,1.5420326230025854,0.0,2.0410776433019406,1.712100118602262,2.3612050877548527,3.3914058372274765,0.9006040181404849,17.897261571820202,18.06805576553075,16.673881249061566,17.639553527718626,17.55551408468497,18.15766789635673,17.53957176296292,15.731804807594926,17.35971499498397,15.838194399575723,15.982773651946864,14.970060338157838,18.198698217860752,17.104678339581557,19.075905072438566,18.07170890421608,8.473780673091246,9.336742804866534,6.871008379725471,7.706175503081682,8.264758180712278,6.392082562834577,5.600185952394157,8.96108969242617,6.738853598424528,8.162195013100918,9.147954899129354,9.242059197886572,6.868720986750706,6.0578952185877375,8.028996788195887,7.440235982337793,4.418561058749012,7.204889827440868,5.513762256690081,5.558825084632178,7.249484880284498,6.563536070213846,8.306888901683477,6.936504157619822,8.431267932859761,8.02289808193396,6.481965352870927,5.8796685826728785,5.1331748928237655,7.906503726839642,7.565088511393544,7.635980635305105,7.440506369854895,9.623546218177712,8.22011659098401,8.649599767960364,9.80339372705005,8.781529759787702,10.485488401491263,7.600123138334996,8.400148441749886,9.427549831134597,10.695831915608343,7.4653630058835,8.289065794955743,9.891872901739237,9.408070648558823,8.506096038301578
11,2.0164193571312983,2.223280298403687,3.265648688123486,1.4133027309580513,2.043369840679227,1.8260236091158204,3.478906577244411,3.2206470050960565,3.7807812323274335,0.548508543388318,2.0410776433019406,0.0,1.06323918040085,1.1286997471342768,1.95752426369716,2.8605521192412104,19.53165455073686,19.7856603530898,18.364532298984926,19.474489270734697,19.316075329586447,20.00280111776119,19.367817411238523,17.547437160071254,19.19761615627254,17.599745690612263,17.823511654612876,16.720523460021333,19.894431561530222,18.813705656734772,20.89105379860773,19.857884304250426,9.139913922565965,9.263511843751981,7.053722140010843,7.767318725968804,8.539922798641511,6.97783859493251,5.732299184632988,8.549137450638716,7.1222258588111,7.921552170421028,9.06703826440686,9.237822202667267,6.734280549612867,6.328112186000851,8.79294171564142,7.769093805170063,3.4592325950483542,5.495407550200425,3.7624941353976737,4.598430769449988,5.658603279595794,4.8143093323395085,6.575613487398444,5.075056537269313,6.749876809205753,6.667625728590628,5.043435227367016,3.944961330933533,3.7476390667610944,6.924144473314202,6.292393674173151,6.415378183358323,9.469367857935241,11.56150508919629,10.165589262116844,10.627055921005729,11.75026309973472,10.705350686570725,12.46730633170211,9.602311288779742,10.370827547872633,11.196911388659357,12.673642548077853,9.282606772445934,10.244842567250638,11.83323687431881,11.30194434508582,10.327525762998093
12,1.7420855872460965,2.5736919870504953,3.6168201960862594,0.3832955347565673,1.6926945393229578,2.193419541865865,4.091560764189489,3.9493049911492863,4.492122281263689,1.0910500294341592,1.712100118602262,1.06323918040085,0.0,2.1105603662937527,3.0156023030024772,2.612320214040221,18.550217145317127,18.835057361806232,17.404511345287567,18.585028817001163,18.385480486706108,19.119323113570257,18.47429224952374,16.6487200903968,18.310390111115368,16.671797056836777,16.93998225544273,15.788510815684726,18.93477439332651,17.86056084925371,19.987937470925797,18.939695721461884,9.741566332457742,10.130084751450042,7.82375847093639,8.583620385183426,9.289794886005783,7.595992283146131,6.503769731639295,9.500958505365471,7.821154945146958,8.827295332631126,9.934848414510194,10.083724377483854,7.601403490122934,7.059613039322879,9.349850129933003,8.493987909995262,4.477363777066019,6.512779221478558,4.781136880654006,5.629365564916461,6.701912377098574,5.823846796199587,7.580337876820101,6.031567704551838,7.769013091857823,7.730113624102111,6.104468839600039,4.8616914525713675,4.810780565881859,7.969098929343145,7.355364610500793,7.477108793872087,9.028442200580269,11.307585779764105,9.902550976511364,10.309938546715216,11.482564046425658,10.472916819752184,12.138553941145537,9.237614908441198,10.06640435613738,11.139164582244673,12.35216267247921,9.177283127716246,9.965591308490431,11.573853030964871,11.108505643702289,10.217639527532013
13,2.2924480537007637,1.7678918938802772,2.6465894156663623,2.400706728700467,2.382747229453494,1.469401716064642,2.5691205482023043,2.2143514724779836,2.770928363748163,1.0785305602539919,2.3612050877548527,1.1286997471342768,2.1105603662937527,0.0,1.0388347165868415,2.9409554290809474,20.225664041869553,20.41832495391979,19.01762204139532,20.000336201761225,19.912843993634212,20.517738767893224,19.900622078974163,18.09298304610906,19.720358087868036,18.195315768341782,18.343358773342313,17.325359647595267,20.54420823214172,19.4528502416032,21.43710962536305,20.4317317699177,8.14940944651691,8.141699346044375,5.971596536734652,6.662668345879002,7.463237878563204,5.989893154257409,4.655663236584095,7.4226282468492055,6.079602082187161,6.793828518532795,7.945058980421875,8.121334846993234,5.614452162888537,5.270607370940755,7.835622102580333,6.708181666325753,2.368146777858284,4.8436990891255,3.1607636174985836,3.5246715351984403,4.9009282089135375,4.205777696321855,5.945814524700566,4.610483857141758,6.071751352972159,5.762179784004825,4.1748973133270235,3.625064388567686,2.8330629797504576,5.875511946085184,5.344159241865994,5.445095173961512,9.460383234954483,11.323018845379638,9.951205136796014,10.466026564934392,11.524850335458376,10.452321237422266,12.30219795580426,9.505867596462792,10.198783966091543,10.75927817952523,12.498993218138637,8.91424450726464,10.046975646256554,11.598199966133302,11.001934622696208,9.9510941953856
14,3.3189036606062454,2.5910117563980863,3.257506109785112,3.345243398727778,3.414496929005145,2.3799202831697706,2.8391532619707602,2.3428875924332297,2.8250337038342344,2.0776115350400968,3.3914058372274765,1.95752426369716,3.0156023030024772,1.0388347165868415,0.0,3.9134380789845733,21.264496536241865,21.455122162076822,20.055634929389665,21.024504073658363,20.946649517859136,21.53988959061487,20.925959431267913,19.12073582354539,20.74407374531193,19.22925087210071,19.36697243346127,18.360313386772397,21.581986951737214,20.490126652859725,22.46419517131482,21.46285118650127,8.059880933862274,7.636645478260642,5.6808865327063325,6.272159517026446,7.168017571050425,5.9412822603411515,4.416139108403227,6.75808503021094,5.903685164832456,6.231791099477366,7.440159716506636,7.6534387172826905,5.153205332758217,5.072703369026352,7.81424203045593,6.471186454012575,1.598903324318491,3.8215134649886604,2.175267349513749,2.6796983796806875,3.862637937673393,3.2007072074148675,4.92450341703469,3.659945516565645,5.040512613052482,4.746647321329987,3.1449352082689224,2.7868375935278045,1.8134286075526196,4.974695968366339,4.348519693355876,4.463781258845215,10.31762523243486,12.036370148217994,10.688362046591585,11.23358402246681,12.245894416173337,11.16079231204878,13.05850050149415,10.316664172174862,10.961107008835915,11.326956395372626,13.24850713288832,9.551618188134327,10.794083094679284,12.312464634296756,11.674384750564775,10.5736655739522
15,0.8822028498681668,1.4847818981180199,1.8737801337829836,2.441483166354652,0.9198147591383259,1.5504826880691847,2.856111719858356,3.0958501616985576,3.434426620022472,2.327398468848126,0.9006040181404849,2.8605521192412104,2.612320214040221,2.9409554290809474,3.9134380789845733,0.0,17.580114742860204,17.687763494633113,16.3181446101236,17.161637973351688,17.141974642217985,17.669405347869453,17.0679165602192,15.275706945547451,16.879666014694358,15.428326187266187,15.503207055745737,14.572060137674935,17.835033547405512,16.733521981968725,18.61291930910238,17.635643467170556,7.900201448129979,9.053526920313518,6.5266256931918045,7.394266393329615,7.8519806036034065,5.8888588795055,5.319333457909014,8.830640514449387,6.31222517644648,7.971151883702181,8.870829589163183,8.930927819309407,6.661819778004104,5.699577746471775,7.423423962184947,7.020547617352936,4.678040548912205,7.7238367701026345,6.084112494461056,5.761636880515079,7.703830506515764,7.113936145152219,8.825462711333794,7.5492069288865045,8.919678049148079,8.345332858910412,6.874634026200478,6.553431242017307,5.540686959076386,8.05324094835382,7.85527149716759,7.8998721807682815,6.615650599281996,8.735722053949619,7.333866984477894,7.7762386790851465,8.918226191586413,7.889928813781884,9.614925024901474,6.742487665116649,7.523432248073187,8.528855985933768,9.823234295719672,6.5649636735834305,7.406265750075385,9.005093530625324,8.511576754684688,7.605525243744478
16,17.97886674651757,19.06489109631689,19.15906582846354,18.16823738875681,17.870126006601822,19.08103546674728,20.21077140410569,20.58582350266248,20.787191697039823,19.230825430831285,17.897261571820202,19.53165455073686,18.550217145317127,20.225664041869553,21.264496536241865,17.580114742860204,0.0,1.3615009437978738,1.4729379252773187,3.515497255555238,2.091502602448037,3.795790187878353,3.3749754680153106,3.610512701177156,3.5733774394453515,2.819359272509951,3.9119968853994282,3.3645821492960506,1.0354874714690776,1.3914587787388968,3.468715798569857,2.590760224702891,22.922626020275708,25.536580975125624,23.069013267364696,23.94443517971636,23.884853367038517,21.857920961786178,22.2361318492333,25.867453743894202,22.552113131798663,24.88467885455799,25.397381066164087,25.305161016572765,23.637235307076736,22.319386121691497,22.330912059856868,23.16136894419655,22.25355678017113,25.018685723965365,23.289292978308303,23.3395372055085,25.124713454407168,24.34398265494127,26.10568110199236,24.581702083898765,26.267974000218622,25.90686390471738,24.379141406724585,23.403221717275503,23.030266866274662,25.595641773125756,25.429422884332944,25.479256384944726,13.782928919398485,15.316577591732308,15.281264565213972,14.696062811552066,15.16381193329864,15.552951770207397,14.448019736170455,14.424490661569388,14.854733016866914,17.393583053350397,14.537967006136068,16.76386671949879,15.116224298850527,15.259087133590567,15.968310771753663,16.764028508619905
17,18.145054702220158,19.16878195861706,19.18783502754177,18.451784566415977,18.043318218367727,19.21327938330932,20.23154692493167,20.632985003677618,20.799519202279217,19.454032077845643,18.06805576553075,19.7856603530898,18.835057361806232,20.41832495391979,21.455122162076822,17.687763494633113,1.3615009437978738,0.0,1.4744175691233783,2.2274054134969585,0.8970720940100054,2.4508161429886246,2.1057886413042777,2.853870854701009,2.3335226376149003,2.326936472473455,2.9990178134868435,3.1279482763034756,0.3894702845451751,0.978522566181115,2.138820161335164,1.2415546430866988,22.623819515597965,25.350396185329426,22.92553784743515,23.78841672411925,23.667815529233515,21.674273262334246,22.155845162535737,25.76372188962966,22.38235204312899,24.769330806488743,25.218795061005203,25.107606354985926,23.54637213635628,22.198391536683793,22.035875250903388,22.969100977059885,22.364446301520616,25.24443715536774,23.524047520867498,23.423625603166975,25.316766795721726,24.580584049185745,26.33972776713214,24.856912759370857,26.485128931973456,26.03304954956841,24.53862161372159,23.696716695108655,23.19254911939773,25.63712370211863,25.540568306834725,25.577604917664488,13.431380631579119,14.73815183238763,14.820409772874747,14.205026856930244,14.570853204655561,15.043158044073838,13.800193772619068,14.034842026291512,14.383449853426484,16.843529768121442,13.87216898597356,16.358721718338277,14.651253468494101,14.658758545314434,15.407763511499553,16.277666367645082
18,16.752635281466638,17.801726013126874,17.85462374239562,17.021398078634235,16.648246761587817,17.834619009017572,18.902815961444198,19.291930327641087,19.47523108855764,18.04244515519359,16.673881249061566,18.364532298984926,17.404511345287567,19.01762204139532,20.055634929389665,16.3181446101236,1.4729379252773187,1.4744175691233783,0.0,2.7480007149139554,1.4729912641684253,3.1975405589084085,2.579518002259329,2.230290809241344,2.693825498788158,1.3718767228206883,2.6137231948044097,1.9047360175790984,1.5302681991068614,0.5261513592113926,3.328658547760857,2.1794238079793464,21.490697292978307,24.14071015518663,21.688189697040343,22.559130994117336,22.47777788960036,20.46156858890572,20.88108189852106,24.503774907602416,21.161105988619784,23.5158233438837,24.004202596257628,23.905202667661765,22.2782036546998,20.94718809091385,20.89979075807101,21.76249933919204,20.996138923025573,23.834384152826416,22.110491336829853,22.06722686943161,23.918264561867765,23.16679737228828,24.92730035195085,23.431444145637784,25.078309436623297,24.65985994167689,23.15182860321748,22.265738000213226,21.80418235783682,24.300912001976698,24.173405288146963,24.215858369837065,12.3337439050204,13.843639701084644,13.815166625617062,13.226759950829404,13.690995881492412,14.08242885307389,12.977897340179707,12.968385011856842,13.387341471293713,15.92124161996339,13.069403281852377,15.306284709566707,13.649602624013015,13.786409622576128,14.495572223800687,15.29571512959767
19,17.70812980089939,18.6195802151476,18.518485749365166,18.203995969687554,17.619020485772882,18.709293643231824,19.53933075666702,19.978901338300485,20.08887207070627,19.095602450899403,17.639553527718626,19.474489270734697,18.585028817001163,20.000336201761225,21.024504073658363,17.161637973351688,3.515497255555238,2.2274054134969585,2.7480007149139554,0.0,1.4304984040369404,0.5665555772575491,0.17184310262383276,1.9535883389911266,0.28509096843424353,2.2753962656522417,1.658432658681701,3.093681543195885,2.615881482799131,2.3573177778010015,1.4864242493404836,1.0530527981876217,21.426252971191442,24.303790346918916,21.95753981645024,22.795944920716103,22.584576903403914,20.654170227415012,21.289910286408464,24.839296068100975,21.378212439329666,23.83271196232043,24.184246584688875,24.045316123693834,22.654593912228485,21.269650244499495,20.847535616824533,21.92718354974113,21.797587647607674,24.843679322398497,23.149441168306204,22.806176550716327,24.860608449490226,24.201812843593633,25.946085696651338,24.539959664778976,26.063039841050447,25.466395330871297,24.03457646552482,23.417850260294454,22.702244683273964,24.938243068015606,24.952703359728044,24.969108473483292,12.251588955506147,13.205715918801106,13.45604751247028,12.804850449171031,13.019863819700273,13.604983110782772,12.1815189238738,12.787319820676133,13.009690743536105,15.329698260618164,12.2277701816011,15.057367093233637,13.283102515503801,13.096422507363624,13.893152597997803,14.859407283714958
20,17.629796093869558,18.61772416374152,18.59797256569117,18.00237227219176,17.53215754523948,18.677223643224817,19.635790005830774,20.049848956619382,20.198618531132198,18.967590664046675,17.55551408468497,19.316075329586447,18.385480486706108,19.912843993634212,20.946649517859136,17.141974642217985,2.091502602448037,0.8970720940100054,1.4729912641684253,1.4304984040369404,0.0,1.7821174699431115,1.2847476887550475,2.0467493938556176,1.4839254746524384,1.7176506984724698,2.127737804057699,2.5969900869335363,1.2746183614495523,0.9935158015077723,1.8787125252628532,0.7101319109872577,21.882484519368074,24.65254351836999,22.24858609999307,23.105031106248255,22.958476847363503,20.98120056581732,21.508487209223595,25.10171998709803,21.69447283145106,24.103021097985167,24.524299324096212,24.405143901487058,22.892470195353354,21.53233429786849,21.296569957028144,22.270896901858606,21.811524560903134,24.74997976269281,23.036972484498804,22.855252675379692,24.80351576015148,24.09308611197003,25.848616851163342,24.391094667446858,25.984397270195927,25.483501796813613,24.00860092707122,23.243140316482958,22.665855306913485,25.044471445682685,24.983668931709936,25.01399773776404,12.683521312493866,13.909584882521274,14.029285591932286,13.404699067483106,13.738286490414938,14.235334255415383,12.953519348115417,13.270904030099134,13.589493702871236,16.02095680066224,13.02079857155909,15.584836847260945,13.858998698211536,13.82398621909716,14.58365586224318,15.475791530614156
21,18.225297351127622,19.12324361262394,19.006838688308687,18.7387282000061,18.137592191216445,19.218202681272473,20.023568244360717,20.467995494461814,20.570019168096294,19.619675918499873,18.15766789635673,20.00280111776119,19.119323113570257,20.517738767893224,21.53988959061487,17.669405347869453,3.795790187878353,2.4508161429886246,3.1975405589084085,0.5665555772575491,1.7821174699431115,0.0,0.720565678357324,2.5097095189209977,0.8163074112412331,2.8334468552562937,2.1795963060799854,3.6593547749554785,2.825160652545976,2.7630031376154514,1.1115962029088062,1.209261577427699,21.81855953915301,24.72507421865715,22.395483628389677,23.228698339597255,22.99996440912139,21.083652197241978,21.746119768490647,25.282848654011683,21.810010733961153,24.274808822598757,24.607959663246685,24.46370934338806,23.105355329219236,21.715190803102708,21.242464306665177,22.351295991221008,22.29664589943923,25.360222432421796,23.66950867038896,23.29808312747135,25.37108373258261,24.720948425963517,26.462908803247146,25.06510632625453,26.576758304420057,25.96336103964013,24.53993718351869,23.947044932471783,23.209949051073107,25.41764900203302,25.447221846366876,25.460928852682475,12.663003358075992,13.52479266285879,13.821200589025468,13.162409926021867,13.33376533059086,13.950220331163498,12.476144736608727,13.182363426411264,13.37358292908007,15.649479310183562,12.51355402336512,15.434590948600805,13.647722706163604,13.406590228956349,14.21584428541683,15.20721570434582
22,17.608727886592497,18.528092444984306,18.43542444750733,18.09297144539521,17.518756243929964,18.614769266739753,19.458345737947244,19.895316655434318,20.00944540054003,18.991741160762192,17.53957176296292,19.367817411238523,18.47429224952374,19.900622078974163,20.925959431267913,17.0679165602192,3.3749754680153106,2.1057886413042777,2.579518002259329,0.17184310262383276,1.2847476887550475,0.720565678357324,0.0,1.8304919874719523,0.26378937042135964,2.1135039918635616,1.5704798372306663,2.9408656586267656,2.49518370012471,2.1954779709818997,1.554374563790104,0.9743020715843238,21.387314305749157,24.252285234122574,21.898802934601395,22.739480602759112,22.535773729269884,20.599364205552774,21.22273533756397,24.7777767086518,21.322300586580937,23.771930835828147,24.131686132271273,23.995090081364072,22.589883551979216,21.207489144247106,20.807571618661218,21.87463439693967,21.708455782673216,24.74423894829023,23.047900773183816,22.72088707128619,24.764797538484213,24.1008054871297,25.84643008074083,24.435126574243437,25.965255654378247,25.378215895945935,23.941768215650843,23.310390925933195,22.608157337519398,24.859378304107082,24.8658839853709,24.883743886394495,12.206198636276941,13.19691574568101,13.429484087951607,12.781482655096477,13.013036777596273,13.58617243738704,12.18199972812247,12.748748005147176,12.983757924666667,15.320065495586697,12.231393206348395,15.025563613114846,13.25680006557113,13.090943406071984,13.88280418452589,14.83927920521332
23,15.802223822881896,16.741658868245185,16.676198667711862,16.26711431903215,15.71038206811618,16.81990210371549,17.706069417658824,18.133547032542843,18.262676922806968,17.176028538999528,15.731804807594926,17.547437160071254,16.6487200903968,18.09298304610906,19.12073582354539,15.275706945547451,3.610512701177156,2.853870854701009,2.230290809241344,1.9535883389911266,2.0467493938556176,2.5097095189209977,1.8304919874719523,0.0,1.694068646775213,0.9205838526467509,0.5331354413226773,1.3292461806577125,3.1675110917108147,2.227852074715118,3.3449691185271684,2.388855160060334,19.841280608678293,22.631289695584105,20.24209815615586,21.093629510892278,20.93103262320714,18.96407898225203,19.52619710170247,23.105404345453024,19.68052348736161,22.103750666539664,22.505141471359504,22.381221335193384,20.90375647510431,19.53446808044308,19.256099316545882,20.250084771765064,19.928010655581023,22.9365375769357,21.236071300026996,20.952306777306458,22.96542780850348,22.28992555758995,24.038159712386637,22.61724216510443,24.16107519185564,23.599782778590964,22.150276990244528,21.488595727349068,20.81350918295866,23.112705316990148,23.091788946657914,23.114320245334053,10.641903889168686,11.88431244767374,11.983894334526346,11.361717569522487,11.717079037444798,12.19550138703869,10.951074949918977,11.225228346212557,11.54468406916248,13.99051894545912,11.026372097079845,13.538118938202716,11.813826442771727,11.805224028048627,12.554408675802883,13.43353909901499
24,17.428065716388343,18.336973746022558,18.234194062502574,17.9295356018211,17.339293633883127,18.427542430966522,19.25476711550922,19.694678433821032,19.8041431943399,18.81738307550767,17.35971499498397,19.19761615627254,18.310390111115368,19.720358087868036,20.74407374531193,16.879666014694358,3.5733774394453515,2.3335226376149003,2.693825498788158,0.28509096843424353,1.4839254746524384,0.8163074112412331,0.26378937042135964,1.694068646775213,0.0,2.088491865731873,1.3771104645548113,2.8765147577383607,2.722743416444507,2.344980979747118,1.7707456331199116,1.2339022927442613,21.147021102420794,24.02100263686459,21.67341257293209,22.512179548894217,22.302417193824375,20.370692054719733,21.004939924378224,24.554811794339553,21.094537039268964,23.548314164916803,23.901230185397946,23.762819183966062,22.36979039129981,20.985085084671255,20.567950508848913,21.64416003550077,21.51438653022125,24.56354574374755,22.870156611266516,22.522212878510906,24.579204166229204,23.922299327324204,25.666025196845656,24.262117023799824,25.78229156836864,25.18296886794013,23.752280396345924,23.1413200536152,22.420324121286594,24.6534522703239,24.669007015370898,24.685149147343694,11.970232467951142,12.941017773231485,13.181716329469094,12.53202680795221,12.756408875849829,13.33450796181899,11.922970168877562,12.508114759155486,12.73564309933579,15.064521048491079,11.971486837643251,14.780774334230076,13.00888854800793,12.83384100554154,13.627513712246957,14.588261095987214
25,15.912626393099758,16.90524059202719,16.896489237791346,16.28877883090903,15.814772937788304,16.962194256946052,17.93672328639045,18.34617455001443,18.501743060151775,17.250161273620986,15.838194399575723,17.599745690612263,16.671797056836777,18.195315768341782,19.22925087210071,15.428326187266187,2.819359272509951,2.326936472473455,1.3718767228206883,2.2753962656522417,1.7176506984724698,2.8334468552562937,2.1135039918635616,0.9205838526467509,2.088491865731873,0.0,1.4008200882456685,0.8911236410016563,2.567864097884948,1.5020897642705806,3.4141599851412088,2.2882338007822196,20.306114502285208,23.023471421912962,20.599886983490194,21.462056597976748,21.34163214240567,19.347351524998707,19.837066674639228,23.441036026647943,20.055625428525794,22.445620896892013,22.891868418709752,22.780831805831085,21.225692774419887,19.874590479028498,19.717418526257603,20.64219442210003,20.099738220755235,23.032329067623216,21.319433848753246,21.14732984372563,23.086473272282458,22.375522641942464,24.130979506005925,22.67480139701148,24.266825410752315,23.771283367846053,22.293118254495617,21.52830959218123,20.94991390516203,23.34476374310758,23.273005719386727,23.30497537974428,11.119904009534837,12.525881696688568,12.545576529568477,11.943198645265754,12.368087148348467,12.791380950164053,11.637375473623282,11.733813472995,12.112718023753226,14.615235992238214,11.724107303947466,14.064292097077528,12.378021490488099,12.461107592891468,13.18475903209124,14.015376305322189
26,16.05104265895606,16.96141369854414,16.86502179799095,16.55948040122696,15.962401762870895,17.050874440362293,17.887880134950787,18.324986972893967,18.439138584863734,17.441637871154732,15.982773651946864,17.823511654612876,16.93998225544273,18.343358773342313,19.36697243346127,15.503207055745737,3.9119968853994282,2.9990178134868435,2.6137231948044097,1.658432658681701,2.127737804057699,2.1795963060799854,1.5704798372306663,0.5331354413226773,1.3771104645548113,1.4008200882456685,0.0,1.856884392882275,3.346283230001846,2.521432773313953,3.1244280978847594,2.3112178226067095,19.876470060929996,22.71197323595118,20.346258599783063,21.1904544695299,21.001168739373597,19.053454895477252,19.65958787592582,23.221018410354336,19.7743721020696,22.216247496143914,22.589381117160393,22.4573333042016,21.02930062084581,19.65014854521844,19.29420028195124,20.332660255177238,20.14017725436061,23.18649509812474,21.493490958813556,21.150940829790443,23.202300949700188,22.545496568914043,24.28899331813016,22.886724220904796,24.405187885056986,23.809431440251124,22.37621427204143,21.767633021630925,21.04381204054791,23.28914636759138,23.296474514147967,23.313828016403775,10.683239408798537,11.799670200820374,11.961583217805483,11.325932136289154,11.625001639841818,12.146655574394558,10.83063648831915,11.243495025406435,11.518655072985057,13.915582285416416,10.89563260399124,13.538633087474803,11.79003137214415,11.70888191487979,12.477510592983872,13.39303550899718
